452	455	455	450	454	451	452	457	454	451	454	456	464	449	459	461	457	454	461	459	451	445	462	446	453	453	449	449	463	453	444	462	452	456	450	457	461	455	451	460	456	453	464	454	454	457	450	458	455	451	460	462	451	444	449	464	459	455	455	452	454	452	441	454	449	453	462	454	455	449	455	462	455	447	457	456	458	445	454	453	456	463	457	456	458	456	454	446	448	448	459	455	453	457	452	449	453	447	461	446
419	422	416	425	430	421	416	423	420	414	419	421	401	417	415	419	418	410	411	412	415	411	418	412	422	416	416	427	404	418	415	419	420	419	425	412	418	405	421	417	417	411	412	413	415	413	426	409	423	412	418	416	422	420	423	422	413	419	418	424	415	416	415	416	417	418	413	414	415	427	422	423	415	407	410	418	414	404	420	410	428	412	428	427	410	418	425	421	413	413	413	416	416	422	401	422	408	415	419	416
450	465	464	452	467	456	460	450	465	460	466	460	454	468	462	459	454	455	461	458	462	461	457	459	461	459	456	455	464	462	461	450	454	461	463	461	458	458	460	462	470	465	454	452	452	460	463	467	454	455	457	452	454	471	462	461	459	461	458	462	463	466	461	467	459	457	457	458	468	456	471	455	457	454	460	456	460	462	463	464	454	454	462	453	467	462	459	461	452	447	454	467	447	452	465	448	457	464	461	463
452	452	461	463	454	452	451	464	457	460	459	452	461	453	448	462	456	447	461	453	455	450	464	458	451	460	455	455	450	448	453	455	449	449	459	444	445	455	453	457	454	446	452	457	449	462	455	453	450	453	459	451	444	452	461	457	447	452	451	447	450	451	442	466	465	455	445	462	455	459	457	455	461	468	458	448	457	457	449	458	455	451	452	457	458	458	464	440	447	445	467	451	454	460	460	459	462	455	443	457
438	425	438	432	425	429	436	429	436	435	437	435	435	425	445	434	438	429	437	435	428	427	434	435	422	428	434	431	433	434	434	430	442	434	435	424	429	424	434	433	434	436	442	429	421	440	431	438	430	430	435	438	433	432	436	437	427	429	432	430	434	432	439	434	427	434	438	440	432	439	434	438	427	424	433	425	443	434	434	438	439	434	435	421	429	431	432	439	437	432	437	440	427	442	428	432	432	440	427	423
466	463	468	466	464	470	467	461	472	462	459	475	455	470	465	472	458	466	458	463	463	479	460	469	458	470	469	465	468	477	469	467	462	462	465	473	469	472	463	463	478	458	477	454	458	474	460	472	455	469	463	466	464	469	461	465	472	462	474	465	474	474	478	475	476	468	462	468	463	467	468	464	463	470	474	462	466	465	454	471	468	476	473	467	472	469	455	466	462	463	465	470	459	460	476	461	458	471	460	464
474	483	481	494	492	493	490	495	483	487	487	500	478	490	483	482	487	488	484	491	486	484	491	481	486	493	484	485	491	486	490	483	491	496	485	489	490	490	482	489	491	481	494	484	499	491	479	493	482	485	491	492	479	489	489	484	496	483	486	487	482	495	493	491	480	495	491	499	490	486	476	491	498	487	495	497	484	486	487	491	482	476	479	485	484	489	498	489	492	485	482	493	485	483	489	489	488	489	499	482
410	417	420	417	420	419	418	423	416	415	428	420	417	420	415	422	414	428	422	407	417	418	422	435	418	424	424	415	415	421	421	409	420	414	421	414	417	422	424	423	413	422	420	418	416	420	411	427	414	409	423	419	414	413	416	419	412	409	418	410	408	418	408	408	419	421	413	417	416	423	409	415	419	406	417	428	426	418	406	424	417	418	419	425	416	418	418	415	422	408	417	415	415	419	422	411	412	414	419	420
465	470	469	479	466	482	493	479	466	466	473	466	476	469	472	472	471	476	466	479	476	471	483	473	467	482	472	475	471	464	469	478	477	465	480	470	475	469	474	470	474	472	472	479	477	478	476	476	469	473	477	473	472	470	471	477	459	475	476	476	466	472	467	469	466	467	473	475	475	475	468	473	470	481	463	470	468	480	478	470	472	479	474	474	465	473	476	479	475	464	475	473	481	483	475	482	473	467	473	462
458	459	467	465	472	462	466	469	466	471	465	486	480	470	467	461	470	480	452	477	472	472	469	474	469	462	461	467	467	453	468	469	460	466	467	474	467	464	471	475	477	466	459	472	459	465	466	476	457	468	456	465	466	457	465	459	470	467	476	464	462	468	465	457	475	473	467	470	472	451	476	458	470	464	447	458	455	462	469	459	471	464	465	465	461	475	471	472	459	468	458	476	474	470	464	471	473	464	470	469
476	470	464	473	469	473	474	474	474	485	475	455	478	470	479	475	476	473	481	471	477	472	470	472	463	469	471	467	464	477	474	476	486	474	468	479	480	468	472	474	476	468	476	476	478	469	465	474	463	466	476	472	466	466	471	476	474	467	468	477	456	480	481	475	473	477	470	474	464	478	477	474	471	475	468	479	472	471	471	473	474	473	475	480	476	479	473	469	469	469	467	465	465	473	469	476	471	472	480	472
483	485	473	477	484	486	481	482	484	465	481	487	482	487	476	475	475	475	486	487	478	472	478	471	479	473	476	468	489	484	481	488	471	488	479	486	483	480	481	479	477	480	477	482	480	473	484	477	477	485	481	478	477	482	476	480	483	473	499	480	483	488	483	471	472	476	478	473	483	474	481	484	481	492	481	471	476	472	477	478	476	483	485	480	488	469	472	478	480	484	472	477	478	487	481	486	471	476	478	473
468	471	471	483	472	479	475	477	475	490	467	468	481	463	475	476	476	477	463	467	469	474	482	468	479	470	478	477	475	478	477	474	476	491	475	473	481	477	479	473	476	467	476	466	481	472	465	468	474	470	479	459	477	475	478	470	458	479	471	476	461	473	473	476	477	469	472	478	478	473	478	481	474	479	485	474	488	460	481	478	470	474	468	476	480	478	476	481	463	458	473	473	470	474	476	474	472	481	478	482
395	384	392	392	398	393	391	398	402	394	401	403	404	397	399	398	389	382	394	399	401	404	411	390	398	388	397	381	400	396	395	398	397	395	395	388	398	393	397	386	396	399	391	396	388	397	397	394	391	389	392	396	395	394	397	405	393	401	393	392	401	403	390	404	388	397	401	389	400	395	391	395	394	394	394	392	394	399	391	398	398	398	400	401	397	393	394	396	401	402	400	398	396	386	396	388	394	391	393	394
437	427	437	432	436	427	429	429	428	429	434	435	429	436	430	425	440	438	428	430	430	431	433	429	435	427	427	430	436	427	438	426	431	430	424	435	429	432	433	427	434	440	430	435	437	429	428	434	432	438	434	430	436	434	439	432	433	432	425	435	428	428	441	426	431	433	434	426	430	425	442	438	431	428	437	426	429	425	428	437	431	430	440	423	428	434	423	440	425	437	431	438	437	428	432	431	442	440	437	431
492	484	498	501	495	496	496	498	493	502	499	483	483	498	494	511	496	500	498	499	483	498	491	482	495	502	496	488	488	485	500	497	492	478	494	493	485	491	499	493	491	496	498	492	492	491	492	509	498	486	490	501	492	499	495	500	498	504	484	490	497	500	498	494	498	504	488	488	486	500	491	502	490	497	505	496	505	506	494	492	502	495	500	490	501	497	494	492	496	501	496	502	492	502	496	497	493	494	493	500
438	451	434	448	440	429	448	447	434	439	429	437	438	440	433	437	425	445	433	438	435	452	441	438	441	441	434	437	445	443	429	433	424	441	441	435	434	435	444	436	447	435	440	442	436	429	449	441	447	444	444	444	435	435	432	437	435	441	439	451	444	440	442	450	447	442	433	440	446	443	439	433	443	442	435	437	445	443	438	432	441	436	438	435	436	447	442	438	441	444	447	451	440	444	438	433	434	441	439	449
496	502	480	490	494	508	502	492	495	491	491	498	490	489	487	493	504	498	497	498	496	493	493	496	495	487	488	497	491	495	495	499	494	489	494	483	494	497	499	490	490	494	487	492	487	496	491	497	487	487	491	486	503	497	494	480	493	487	492	499	487	501	504	486	500	489	487	493	492	500	487	491	492	484	489	490	487	491	492	497	495	495	491	492	496	495	503	493	496	499	490	500	493	492	507	489	494	489	500	489
429	431	427	437	427	428	425	424	432	422	428	429	418	431	430	427	422	416	427	432	433	426	439	427	447	415	437	424	424	436	429	427	424	433	423	423	429	432	422	437	441	422	433	428	425	429	425	427	428	434	425	436	428	440	431	426	432	423	421	419	444	430	428	428	423	437	425	426	427	420	421	420	418	421	410	432	424	424	418	431	429	432	429	419	427	434	417	429	427	431	435	431	424	424	425	423	411	421	433	425
459	448	455	452	454	455	442	452	455	445	445	458	455	441	442	444	459	450	462	449	441	447	456	458	458	442	454	454	452	442	461	452	456	450	454	435	453	458	445	444	457	454	444	451	455	458	457	453	451	456	449	453	460	452	452	458	452	451	443	451	455	445	462	456	457	449	451	444	453	458	453	447	451	442	453	450	446	453	446	450	459	439	447	453	443	458	452	455	438	442	449	449	450	453	463	440	454	446	462	451
450	443	443	446	446	439	443	440	451	443	442	447	445	447	440	449	447	448	445	439	450	446	448	438	447	437	446	451	451	450	452	447	439	447	443	451	445	446	446	443	444	435	441	449	443	450	438	448	442	437	453	437	451	449	447	444	445	444	445	443	437	439	445	432	440	449	452	450	441	434	442	439	434	444	442	448	445	441	444	439	447	440	449	440	446	441	446	454	447	443	444	448	438	457	444	441	437	449	437	438
498	488	488	490	496	475	490	488	487	492	493	481	496	494	490	490	484	492	493	493	493	507	498	492	485	489	492	495	483	491	490	508	491	499	500	485	490	497	496	495	495	503	496	499	505	488	486	495	498	488	496	489	485	496	498	491	492	490	482	484	499	487	495	488	492	484	491	500	497	490	496	487	485	482	502	492	490	495	501	485	480	490	487	495	494	495	489	495	486	486	502	491	499	497	499	488	499	488	487	492
490	485	485	490	486	486	485	481	493	481	485	479	484	484	494	489	491	494	476	487	485	499	493	489	486	485	487	484	480	489	484	490	485	481	472	483	483	488	482	488	494	484	487	485	488	488	479	484	483	483	499	487	488	487	483	484	475	493	490	482	478	484	488	488	490	480	479	480	482	490	486	486	491	494	484	478	481	481	487	492	484	486	483	471	492	492	487	480	495	491	480	489	494	484	480	487	491	487	488	477
448	453	459	463	458	459	454	457	465	455	453	445	455	451	465	462	471	455	449	462	453	453	445	446	453	462	453	451	456	454	461	461	456	463	450	465	460	451	458	456	451	457	447	448	451	454	460	455	459	453	450	447	456	450	460	461	459	459	461	459	456	459	463	452	451	451	459	463	458	456	455	457	446	456	461	453	451	459	456	451	446	454	455	453	444	455	457	453	455	461	462	464	450	461	458	458	459	464	457	450
444	435	445	447	447	447	447	441	441	441	434	441	441	441	448	449	442	444	444	440	439	443	439	439	449	436	446	443	442	437	448	442	449	438	436	445	455	441	441	443	443	446	449	436	451	444	447	442	442	447	435	435	444	444	443	441	443	444	455	442	436	444	443	439	443	447	443	445	457	446	445	437	444	438	445	442	441	446	439	450	442	442	443	428	444	440	449	439	441	452	448	449	442	445	443	436	449	448	441	428
469	456	479	478	473	464	475	474	470	472	470	475	470	464	467	463	457	467	473	461	466	461	461	464	470	475	466	461	463	467	478	475	467	466	474	452	468	470	467	463	462	476	466	459	461	463	453	484	465	453	476	473	458	470	471	470	460	473	474	466	471	465	453	478	467	469	463	472	470	470	461	463	459	465	461	464	471	463	471	469	467	472	470	473	462	470	480	475	475	465	476	466	476	470	459	469	471	462	472	459
465	480	474	465	473	486	476	468	475	470	477	468	473	465	486	471	474	464	479	473	470	480	473	481	470	463	479	469	470	474	484	465	471	476	462	477	470	482	486	477	489	476	472	474	484	475	482	472	467	474	473	490	479	475	476	480	480	472	479	484	476	487	468	472	474	471	474	481	480	479	481	468	472	477	473	462	476	475	486	487	465	474	471	475	482	482	480	474	481	462	472	472	474	474	472	475	474	470	473	482
460	450	456	473	456	465	464	460	463	463	467	461	452	460	459	463	452	464	464	458	463	462	458	450	460	455	455	455	457	459	465	462	466	462	452	464	466	462	463	449	463	461	455	464	460	457	465	463	449	473	461	461	455	462	461	456	458	457	470	450	460	458	459	467	451	457	460	456	451	467	464	460	457	465	470	461	457	463	457	456	459	458	453	465	457	464	463	463	464	457	463	461	470	454	458	460	453	462	464	463
402	395	409	402	401	400	399	396	407	399	408	408	406	404	397	401	404	395	400	390	406	391	400	407	409	397	406	400	409	405	402	404	398	417	407	398	400	405	406	406	395	405	403	408	404	408	408	402	393	394	397	395	395	405	406	405	408	406	406	415	402	403	410	404	409	402	402	405	407	399	399	404	397	401	401	408	393	398	399	405	403	401	402	408	408	407	400	401	405	405	396	404	405	406	401	400	408	405	397	398
442	435	439	449	437	435	433	445	437	441	429	432	447	440	442	444	452	438	443	440	430	431	440	438	443	437	440	436	423	432	433	447	442	443	449	442	449	435	439	439	444	435	437	434	441	436	451	439	446	444	433	442	442	444	441	442	442	440	441	421	438	438	442	444	440	452	438	434	434	442	430	434	442	438	443	432	447	444	429	433	438	440	428	437	432	444	430	439	435	440	440	432	430	444	438	434	443	442	440	436
449	458	450	453	457	453	451	456	450	462	453	454	458	454	453	447	451	454	462	461	456	451	455	456	457	453	455	458	456	458	454	456	455	457	455	452	460	453	453	453	451	455	451	466	449	457	450	461	460	453	453	453	459	453	451	466	444	454	453	452	452	455	457	453	456	446	448	453	458	463	454	453	452	461	450	448	458	464	448	458	460	459	458	447	457	449	455	452	452	458	460	455	456	451	454	454	455	457	463	449
384	394	392	386	391	379	387	389	388	380	388	384	382	380	378	391	382	390	382	382	388	389	384	382	393	385	391	388	387	389	392	391	388	380	386	379	392	383	382	379	377	381	387	383	383	380	383	390	390	382	380	387	391	387	383	384	380	378	389	385	386	395	380	387	392	380	387	389	389	391	395	375	389	384	388	388	382	382	384	380	392	389	382	386	385	386	381	392	393	379	391	388	392	392	381	388	381	387	395	382
429	437	439	440	430	434	429	431	440	436	445	435	438	424	428	450	433	430	437	434	436	433	442	438	428	449	439	432	425	436	425	441	447	438	435	437	439	434	439	440	431	437	442	436	439	427	436	436	439	442	430	439	435	433	431	429	438	445	432	438	441	440	432	428	428	439	430	438	424	436	439	437	436	430	435	440	434	433	434	435	434	426	433	425	436	432	435	434	432	449	436	427	440	447	436	436	431	434	432	435
487	484	482	496	485	487	479	496	492	479	482	494	490	494	483	471	483	485	480	479	470	481	480	479	482	479	488	484	481	479	485	483	484	481	476	484	482	487	487	480	484	483	484	478	476	486	477	484	479	483	484	484	476	482	478	475	475	490	480	480	474	482	481	479	482	481	487	495	475	477	478	477	475	474	483	466	476	483	487	488	482	477	492	479	491	484	483	481	483	484	494	497	487	490	482	480	486	485	488	479
428	432	428	425	439	430	436	428	437	438	432	417	431	439	435	434	426	431	428	430	430	436	421	420	435	442	431	436	424	427	434	433	427	430	429	432	425	432	427	427	435	430	433	430	432	431	430	429	435	432	432	430	435	440	420	426	439	429	421	419	430	435	436	434	432	431	425	419	432	433	430	438	431	436	439	426	434	435	440	422	435	429	439	434	425	431	440	430	428	431	428	428	432	426	437	420	437	429	430	422
466	471	462	468	462	463	471	466	466	464	469	467	469	467	468	457	458	480	466	476	465	463	458	468	470	468	461	460	470	473	470	466	475	455	468	464	468	464	462	464	455	459	472	472	469	470	464	464	466	471	462	478	471	466	470	473	467	469	475	459	463	469	465	469	462	459	464	470	465	463	473	466	475	465	465	465	468	469	479	467	469	470	465	468	476	478	460	462	466	468	467	469	465	468	465	474	467	467	472	458
444	436	444	438	441	446	444	448	438	436	440	447	439	436	431	449	444	443	446	449	446	435	433	442	438	437	444	433	445	437	431	438	434	451	436	439	445	447	442	449	438	440	443	433	432	447	443	439	451	444	438	439	436	439	434	447	457	440	441	432	436	444	444	438	438	441	440	444	447	446	453	427	439	436	441	441	445	445	439	449	435	443	450	447	437	446	446	444	443	443	445	436	441	435	433	445	439	431	445	430
420	419	416	424	416	415	409	425	420	420	419	420	421	418	415	412	421	422	416	425	418	418	420	417	414	424	419	418	421	418	419	422	428	411	429	419	416	425	417	411	414	419	423	413	425	420	424	422	421	423	419	431	433	423	424	402	419	417	425	410	415	425	418	417	423	418	421	424	417	411	421	416	420	419	419	426	430	414	417	412	421	421	409	417	424	424	424	417	423	421	419	417	428	421	415	413	417	422	430	426
429	425	439	440	429	430	420	426	431	441	428	434	432	428	429	441	440	434	432	428	443	433	426	424	430	429	430	432	423	427	427	435	434	428	427	427	436	430	433	421	418	429	428	429	429	435	436	425	424	433	424	434	432	438	428	426	436	433	426	434	422	439	435	435	428	438	423	428	427	436	431	438	430	429	429	421	432	431	421	426	440	429	432	425	435	426	429	439	425	421	436	435	428	427	433	430	426	424	432	424
452	450	445	443	453	436	450	448	448	443	454	454	458	446	439	445	441	451	445	449	435	448	442	442	448	446	443	449	435	451	439	433	450	450	446	448	447	452	443	446	439	441	442	450	440	445	448	449	455	441	443	448	441	445	452	443	447	457	450	437	448	448	445	444	453	444	444	448	452	446	445	454	435	446	438	457	446	458	455	455	437	450	451	449	452	451	441	449	446	445	440	437	447	453	447	446	452	440	444	451
474	481	489	475	470	477	484	476	480	481	481	472	485	488	468	486	489	486	481	480	472	480	485	474	488	480	479	475	477	484	478	481	486	478	474	483	481	477	486	477	481	475	474	477	477	478	483	487	483	482	478	462	478	478	495	485	478	482	494	481	476	480	485	476	482	464	478	485	472	482	477	480	474	471	479	476	476	475	472	470	480	478	484	482	473	476	484	477	472	476	482	486	474	484	482	477	488	482	482	481
370	365	374	370	377	376	378	379	369	384	367	376	365	375	371	377	371	372	370	374	373	377	375	376	373	371	371	372	371	373	376	364	371	368	384	376	374	377	371	370	387	377	371	362	369	367	376	368	361	372	367	363	385	368	377	365	369	375	376	367	369	374	368	380	363	374	374	365	377	367	377	373	363	368	376	373	371	367	369	370	370	372	370	377	382	377	374	368	366	372	375	373	375	374	373	363	368	378	379	373
420	425	425	424	425	426	427	427	425	434	421	419	421	430	435	420	429	428	422	425	427	430	432	436	437	431	426	421	434	436	433	428	433	423	432	435	433	428	427	436	420	428	426	432	416	438	428	427	424	427	422	428	429	434	436	433	421	430	435	432	428	428	421	431	436	431	426	426	421	434	437	433	429	427	436	432	426	430	435	426	427	427	428	433	429	426	430	424	424	432	430	427	433	433	429	429	432	423	422	419
444	452	452	451	449	441	447	451	446	446	445	445	441	454	449	449	448	441	442	436	441	452	448	452	442	444	442	443	445	452	453	436	449	448	446	442	443	443	437	452	439	446	443	435	448	449	440	440	448	450	444	448	445	438	439	457	435	446	431	442	447	444	451	444	442	435	440	441	449	439	442	441	440	440	436	442	434	437	440	453	447	451	436	446	445	430	462	443	436	443	436	447	448	439	433	441	450	450	441	444
404	400	399	415	399	408	405	413	402	409	404	402	406	407	403	404	404	406	408	403	401	403	409	407	398	402	405	404	410	401	400	400	401	408	401	404	395	406	401	408	405	410	400	409	406	402	416	410	399	399	408	400	402	396	404	408	410	409	404	407	406	402	411	413	408	395	406	403	407	407	420	404	406	403	409	402	405	402	407	400	392	399	405	410	399	406	407	408	402	397	406	402	412	404	408	408	407	404	402	406
454	448	439	438	447	448	453	453	454	452	443	451	455	449	447	446	447	447	445	446	446	447	448	443	448	445	447	448	455	442	448	448	448	458	445	440	448	458	457	456	438	455	459	448	443	448	450	444	447	443	447	442	452	449	461	459	457	446	447	451	446	445	448	449	448	447	458	450	438	457	449	442	452	448	448	451	458	453	437	459	450	451	452	447	451	457	452	440	452	446	454	442	461	449	452	454	466	444	441	451
470	467	476	470	464	471	466	476	472	466	477	472	467	468	481	467	462	477	474	479	469	473	477	466	464	475	467	463	477	463	474	472	471	463	468	478	463	485	458	457	473	471	468	471	476	478	460	472	465	468	474	477	470	473	464	475	475	471	467	469	473	468	465	457	464	464	474	471	466	471	468	476	470	463	471	468	470	468	459	467	469	464	469	461	473	466	472	473	468	465	467	474	468	461	460	466	463	466	468	464
428	433	430	432	427	435	422	424	432	417	419	419	426	432	425	435	427	429	435	433	421	426	428	434	431	429	430	427	428	432	427	438	431	418	429	423	431	427	422	436	430	421	432	422	417	427	431	417	429	429	435	428	432	430	421	425	428	435	424	428	420	434	423	431	435	435	436	430	414	426	428	435	424	428	434	432	422	434	437	420	428	430	424	422	431	414	436	438	423	433	415	418	431	426	433	435	421	412	422	432
435	423	433	424	432	429	430	427	429	424	436	434	433	419	445	423	429	437	435	431	424	421	433	436	442	436	434	432	443	433	429	434	430	432	431	424	433	422	431	432	441	430	434	425	435	430	432	426	427	422	424	426	428	429	429	438	426	427	438	432	414	432	429	433	434	429	439	432	421	428	434	429	428	433	433	438	435	433	424	427	433	430	432	426	432	436	433	434	428	439	432	432	431	441	424	437	429	427	433	428
455	446	451	453	446	452	456	446	441	450	444	452	452	452	444	445	449	455	450	441	446	444	443	450	453	450	459	449	455	452	455	446	457	449	454	466	451	446	449	455	452	449	460	455	454	460	448	452	455	444	443	445	454	454	454	446	453	458	451	447	446	453	442	447	447	450	453	444	456	450	445	450	453	450	445	450	446	441	449	457	449	452	449	453	446	448	442	439	451	446	449	449	453	456	450	456	444	452	454	448
389	398	388	385	391	385	395	394	393	390	391	393	395	387	392	392	396	386	382	398	392	389	391	387	388	392	393	391	398	391	394	393	399	399	388	391	384	395	396	394	396	400	405	391	389	383	385	393	396	392	398	387	395	396	392	388	391	389	387	394	395	386	401	395	394	386	395	396	395	400	390	392	393	387	396	387	390	390	393	386	397	392	395	387	392	395	396	396	393	393	387	406	392	392	391	390	388	391	400	396
421	430	431	437	434	425	434	429	441	430	425	436	428	427	430	423	426	433	430	425	424	428	423	429	440	429	428	434	428	426	426	423	427	435	430	437	434	428	432	430	431	431	433	425	438	435	437	428	425	437	434	436	440	435	437	432	432	425	428	436	442	430	437	422	436	422	430	429	424	433	432	426	434	429	436	432	435	431	426	438	433	433	421	431	431	435	427	424	427	437	430	427	428	424	437	427	426	433	430	427
447	432	445	434	428	433	435	438	439	442	441	441	450	437	439	436	448	437	442	435	441	443	436	445	437	442	445	437	442	451	434	441	454	450	442	430	437	437	437	430	445	436	438	436	438	440	446	442	438	442	431	448	440	440	439	430	437	433	443	447	441	431	448	444	441	435	434	452	449	444	440	448	443	449	434	444	442	445	443	443	444	446	441	441	441	441	438	436	443	432	446	433	449	434	438	437	433	448	440	441
468	471	464	460	466	467	464	470	468	461	464	451	463	471	475	465	467	467	463	467	461	458	462	457	470	461	465	471	473	464	470	470	466	465	468	473	465	474	458	459	466	458	466	465	463	468	471	462	460	464	459	473	460	462	465	460	460	463	475	460	463	461	455	475	469	471	467	453	466	470	454	463	470	473	469	460	470	460	460	465	467	470	459	473	465	480	462	474	464	462	476	466	462	460	466	463	455	467	472	458
468	465	470	464	467	468	462	463	468	458	467	457	462	464	469	453	467	473	472	474	460	472	468	468	477	466	463	462	459	455	464	471	458	467	472	482	453	465	455	464	468	465	461	462	464	470	469	464	467	463	470	468	478	462	469	466	468	464	473	473	464	464	461	476	465	467	467	458	470	462	462	463	464	468	470	468	464	461	457	471	470	477	460	466	470	470	463	458	464	468	468	466	468	471	464	465	465	463	475	464
424	416	429	423	422	414	420	431	425	425	428	430	414	417	417	428	422	418	428	425	412	426	419	421	422	421	425	425	427	423	419	425	416	414	420	431	421	421	429	423	421	433	426	427	429	422	425	428	421	420	420	418	418	423	424	417	421	422	421	426	424	420	430	422	433	419	412	424	425	434	415	424	427	418	422	421	417	424	419	424	415	418	424	418	421	418	428	430	419	426	419	429	421	423	424	430	422	415	422	423
435	427	435	435	429	426	433	442	434	431	429	428	434	428	430	422	435	423	437	433	424	431	429	427	431	427	431	433	430	432	430	445	437	423	433	428	425	427	424	432	419	425	431	421	436	437	424	431	429	433	431	429	443	420	432	427	435	439	423	427	427	427	432	420	435	429	428	430	429	425	433	426	433	430	430	431	423	431	432	437	434	435	443	441	433	433	434	431	432	434	433	436	439	427	425	436	429	421	439	440
447	458	448	452	455	453	433	456	455	453	450	451	457	443	450	456	455	455	447	453	448	441	453	450	438	451	438	448	446	458	448	444	445	454	447	447	458	445	449	438	446	459	443	450	452	446	447	441	448	450	453	448	454	441	452	461	450	456	454	439	454	456	450	453	456	448	442	454	453	454	450	448	455	452	445	455	457	453	456	450	457	452	455	453	446	450	448	453	453	463	453	468	457	437	448	454	445	452	445	445
426	421	407	410	423	419	431	424	412	411	423	418	423	420	411	421	414	425	417	419	422	418	427	427	418	417	421	418	423	423	411	428	420	424	420	429	432	422	418	420	420	420	424	430	419	428	420	425	422	427	419	431	431	421	415	423	432	413	428	413	424	425	435	420	433	417	416	423	421	425	428	427	418	421	431	422	420	417	432	426	429	426	420	419	426	426	423	428	415	425	429	422	417	422	403	424	412	423	419	422
458	448	458	448	447	451	451	440	449	458	460	454	445	435	442	459	451	459	450	459	441	463	445	452	451	438	453	454	458	445	460	438	442	450	464	447	455	447	449	449	452	460	456	450	448	464	457	461	446	448	448	444	460	449	453	450	464	455	455	452	462	461	441	458	461	453	451	449	453	457	450	454	448	450	460	454	448	456	455	452	457	461	462	447	452	455	452	448	451	450	458	463	439	444	454	451	439	457	443	449
396	392	401	399	409	403	398	401	402	397	401	402	402	402	405	402	402	397	390	398	401	405	396	400	399	400	395	410	401	403	398	396	409	392	404	398	402	402	408	392	403	408	402	398	403	396	400	404	398	393	403	409	399	403	400	399	404	390	400	400	414	411	404	408	402	405	401	396	389	408	395	399	398	395	403	397	395	406	407	396	401	404	404	400	402	394	393	402	385	402	405	401	402	397	403	400	398	399	396	398
461	462	462	457	447	464	454	452	467	460	459	453	464	459	464	451	458	460	461	459	454	459	455	470	446	461	455	458	449	461	462	453	463	450	459	447	460	452	462	452	459	453	450	459	451	454	455	449	460	458	456	461	456	463	452	458	457	458	459	454	457	463	460	444	469	453	454	462	460	463	452	458	450	458	452	456	464	460	464	453	463	455	457	454	454	451	458	457	456	455	460	462	452	449	456	452	461	461	449	458
424	410	423	429	427	413	428	428	432	416	430	423	423	422	427	427	421	421	423	420	425	420	424	438	421	417	429	426	432	422	428	422	420	423	427	426	418	424	421	418	413	423	441	428	423	432	426	415	438	429	424	434	428	415	423	422	423	418	425	428	428	412	431	425	415	427	425	418	425	418	428	433	427	423	426	424	434	427	428	426	419	428	424	424	422	424	426	430	420	427	423	431	415	417	422	421	423	417	426	421
431	430	434	430	422	421	431	430	427	431	434	438	433	425	435	427	433	437	430	430	426	425	431	434	433	432	433	436	432	431	432	439	435	429	429	438	431	436	434	430	428	436	431	425	425	427	427	428	440	430	432	427	435	429	440	425	430	443	430	426	424	433	432	429	421	428	436	431	427	422	425	440	431	435	420	429	436	433	432	429	438	432	431	435	435	426	434	444	427	437	430	413	430	436	435	431	432	430	425	417
474	477	470	484	475	467	463	462	468	477	462	476	480	471	476	478	467	479	475	471	481	473	482	474	483	468	472	464	467	470	476	471	472	473	478	480	470	467	476	470	482	480	479	479	479	481	480	475	481	480	480	473	481	479	484	470	483	474	473	470	486	475	477	467	485	473	473	476	468	476	468	469	488	477	470	476	466	471	469	475	480	474	484	477	470	484	474	475	468	473	469	468	473	466	478	482	476	469	477	475
450	461	455	464	448	453	456	452	451	467	457	457	451	455	458	458	451	454	447	450	447	444	449	450	462	452	457	453	447	456	457	459	456	453	451	455	450	457	444	447	455	451	452	455	450	455	451	457	454	459	453	453	456	462	447	454	448	456	449	453	450	444	455	457	456	461	463	459	444	454	457	448	451	459	460	457	455	454	449	452	443	452	468	455	451	460	448	459	457	465	458	462	459	458	456	454	456	457	466	443
451	456	460	465	456	448	467	457	461	452	458	456	454	455	465	452	449	467	455	464	461	459	464	467	458	463	465	460	469	460	448	458	462	453	458	453	461	465	460	446	452	456	453	458	448	461	461	457	448	453	460	464	456	461	454	454	455	448	464	459	458	463	461	456	448	458	470	458	457	452	468	457	462	460	469	459	458	461	460	459	451	462	451	457	456	456	456	455	457	451	455	464	461	456	464	450	460	460	463	457
407	411	419	416	395	424	426	413	417	411	423	410	419	405	411	415	415	412	412	408	416	411	408	414	419	408	415	411	410	411	412	409	411	419	418	404	409	416	414	416	409	415	413	412	422	408	410	411	411	417	418	418	413	422	412	408	415	419	408	411	419	418	406	411	418	407	409	413	418	412	416	411	414	413	409	417	421	412	418	411	417	415	407	416	417	411	420	412	416	409	415	410	414	418	413	411	411	414	419	409
448	449	451	449	446	441	458	444	445	444	440	449	450	453	449	444	449	442	444	445	451	445	448	447	454	453	445	450	448	449	444	453	454	451	447	447	452	440	450	450	446	446	457	457	458	446	454	448	443	448	438	443	451	441	446	444	453	443	452	458	449	446	450	434	455	455	453	445	447	447	446	450	447	443	440	455	435	451	457	450	449	452	457	441	455	435	453	445	451	456	440	443	445	451	459	451	445	441	459	448
400	398	399	411	406	400	405	411	404	399	395	409	408	405	411	399	400	406	396	399	414	398	409	396	409	405	400	395	407	403	411	404	403	410	398	407	403	404	409	404	405	408	410	399	406	401	404	403	407	390	407	408	396	402	402	403	406	407	405	403	401	399	407	399	408	407	407	398	400	405	400	403	393	411	398	405	408	406	404	400	400	404	403	394	410	403	398	404	401	404	393	409	411	402	410	405	400	410	413	403
415	411	396	401	399	406	400	413	398	412	393	401	408	407	412	399	402	402	401	413	410	402	413	405	411	397	393	408	391	402	407	401	402	401	407	401	410	400	402	412	404	409	398	405	398	400	402	410	399	403	401	404	397	412	407	393	405	398	403	400	407	397	412	405	421	399	406	401	403	391	406	400	390	404	401	400	400	410	405	406	411	412	390	413	405	401	402	401	405	405	401	398	402	403	401	405	400	400	402	402
381	371	381	372	372	374	370	374	374	376	373	378	372	375	371	376	374	365	377	370	372	376	385	368	375	371	374	378	379	378	378	376	375	366	373	372	376	369	368	369	375	370	371	370	370	368	374	368	375	384	366	371	373	382	371	364	376	372	374	376	379	365	382	368	373	377	365	374	368	367	376	373	366	375	375	373	368	367	377	384	382	387	378	372	366	377	368	371	373	366	373	372	377	369	372	372	371	368	369	370
410	407	408	407	417	419	410	428	417	411	424	413	412	419	415	414	420	410	412	417	410	417	416	421	419	417	411	399	413	408	423	413	416	413	409	416	407	421	410	426	414	413	408	409	412	418	413	418	411	410	411	424	418	414	417	418	400	416	411	414	412	418	411	418	415	420	409	423	409	416	424	421	415	414	407	408	412	407	413	430	420	410	415	420	418	421	413	417	419	414	416	424	416	418	402	415	406	397	407	418
424	410	423	420	430	421	431	428	424	415	429	427	430	418	426	434	425	424	426	419	426	438	438	433	422	429	430	425	440	427	424	418	425	429	431	429	420	420	429	419	429	432	439	444	427	425	434	425	439	426	427	416	430	434	439	429	423	425	428	426	413	411	442	425	429	427	426	419	426	436	417	436	427	421	428	441	420	421	426	425	427	429	434	429	436	427	429	425	432	431	433	425	417	431	425	427	423	432	426	432
416	419	415	414	409	414	420	418	423	414	419	407	416	417	422	416	412	419	413	422	411	414	423	414	413	420	421	422	413	427	416	420	416	421	428	415	417	410	412	404	421	420	415	413	420	432	422	414	426	417	410	418	415	427	420	426	422	419	421	424	418	413	409	426	415	419	415	422	407	422	415	421	410	424	416	414	418	418	419	421	413	414	419	423	418	414	417	417	424	417	419	414	419	414	413	414	420	421	421	404
481	475	470	479	477	467	471	463	478	475	472	468	466	468	475	474	476	478	475	477	473	474	472	473	481	476	465	469	477	475	465	468	486	470	481	479	478	479	472	470	476	471	483	471	473	468	478	466	464	475	477	471	475	470	469	472	474	474	474	485	471	470	481	469	476	479	467	473	472	461	476	487	457	477	477	466	475	482	481	492	464	487	471	468	469	475	471	472	472	467	476	490	471	467	465	467	479	473	466	469
467	466	478	476	471	457	461	475	474	480	474	468	469	464	471	471	473	483	466	461	472	471	480	461	470	478	470	473	474	476	476	475	466	465	474	470	469	468	477	474	464	464	472	475	474	468	465	476	474	475	464	479	486	476	465	465	464	467	472	466	480	478	465	463	462	467	465	464	465	475	468	466	474	470	462	477	469	472	477	478	462	475	458	471	478	473	470	475	476	473	465	481	478	468	476	474	473	462	467	474
487	493	484	493	484	488	483	484	485	488	483	476	478	482	485	489	477	497	485	487	490	482	484	482	482	484	491	488	498	473	493	486	489	496	472	490	485	487	489	485	483	474	487	491	491	476	485	481	478	491	478	487	482	473	477	489	494	487	492	494	486	488	480	481	480	486	485	483	482	476	481	474	481	481	477	481	480	479	474	496	489	497	484	483	492	481	487	484	491	487	489	481	482	486	483	493	487	480	491	478
473	473	474	463	467	473	478	470	472	468	458	471	464	468	471	471	470	463	474	470	471	468	468	485	471	475	468	470	465	469	474	458	471	478	475	469	474	472	461	469	462	469	471	461	480	469	472	464	461	470	479	470	468	468	477	476	470	475	468	467	469	475	480	471	467	465	471	458	469	468	466	468	454	470	465	465	465	474	474	478	474	475	466	467	474	471	473	469	473	475	471	475	467	474	460	467	469	472	466	459
515	509	513	521	517	517	509	506	519	512	510	523	506	502	515	509	512	514	516	507	507	507	501	516	513	511	513	513	508	520	517	511	495	511	513	508	519	510	504	501	517	512	511	521	508	517	505	512	517	511	501	500	500	502	510	504	512	505	515	509	510	504	502	513	506	507	503	519	505	520	505	511	516	525	518	508	515	506	497	506	516	514	519	505	518	506	518	511	511	518	515	520	527	515	519	519	513	515	507	520
453	443	439	454	454	441	440	440	449	449	440	445	452	454	453	450	446	450	449	446	451	453	436	443	445	441	449	434	449	456	447	451	445	447	445	440	456	440	455	448	451	446	444	442	447	438	455	447	454	448	443	448	443	448	450	443	447	459	441	449	445	449	447	438	451	447	443	443	441	448	447	451	450	461	438	446	441	446	456	440	451	446	440	458	448	450	454	444	448	442	438	446	448	451	444	444	435	450	458	451
471	473	474	478	469	473	473	474	479	467	462	475	464	469	478	481	482	483	471	481	479	484	478	474	481	478	483	458	478	470	482	474	471	475	465	472	478	478	467	471	478	469	477	482	472	467	481	464	478	472	471	476	480	473	477	482	476	481	472	467	473	478	473	473	474	475	476	463	466	481	483	476	479	475	467	481	471	464	474	482	470	478	470	469	475	481	478	474	474	478	476	481	476	471	480	476	478	474	477	476
451	456	456	434	447	450	449	451	459	454	442	447	452	441	455	451	446	461	446	457	456	451	442	450	447	444	451	450	451	457	448	448	435	456	451	442	455	445	437	457	447	464	447	446	439	453	455	457	467	451	444	446	449	450	464	437	447	445	450	452	451	452	455	461	443	455	449	448	450	451	446	464	447	442	445	441	450	467	456	453	448	446	448	438	452	448	454	445	452	450	449	439	451	448	456	436	460	462	454	451
417	417	419	412	424	419	418	416	425	421	425	421	418	409	417	429	412	425	419	421	412	419	421	413	416	421	416	418	410	412	414	413	417	418	408	419	419	414	417	419	423	421	425	419	425	412	423	415	423	418	413	425	426	412	425	417	415	411	424	411	422	426	412	415	409	425	404	411	413	405	411	421	421	416	420	412	420	425	422	424	420	408	409	422	422	411	422	422	422	416	418	413	418	427	417	416	414	414	422	423
470	465	467	475	462	467	470	471	464	472	458	458	464	470	467	467	466	467	470	473	460	472	463	483	465	469	464	462	465	462	466	464	473	472	462	459	469	472	473	472	454	468	459	472	472	462	475	476	475	479	475	476	459	458	459	458	465	464	474	465	454	461	469	457	472	462	463	463	463	457	469	472	480	472	470	467	458	454	467	473	470	469	471	472	459	458	453	452	466	473	466	467	463	472	467	466	466	474	469	457
465	454	453	466	457	453	454	447	453	465	467	455	469	456	465	469	459	464	466	463	458	466	453	463	459	456	467	460	464	460	460	462	455	459	463	463	458	467	462	459	452	471	466	459	463	469	456	458	454	462	450	466	471	451	462	459	467	468	469	467	459	464	459	466	457	448	455	454	464	459	458	472	459	467	462	465	468	453	458	457	458	460	446	458	460	455	456	454	464	466	459	467	470	457	462	465	459	466	464	465
445	440	448	442	438	438	436	439	429	435	445	440	438	434	447	438	442	443	445	451	444	446	445	443	434	429	446	438	439	443	443	441	440	450	447	439	447	446	437	442	439	445	444	436	448	442	438	450	446	442	446	437	436	446	456	441	438	446	440	444	444	439	437	444	439	443	439	451	447	441	435	447	439	447	444	440	441	444	438	442	438	435	441	431	441	436	445	441	444	444	444	437	456	453	441	446	445	442	444	435
420	411	414	421	416	434	424	418	416	419	417	415	420	425	412	416	415	430	414	419	427	420	418	420	418	417	410	421	423	428	419	424	419	420	417	417	416	408	417	421	410	417	422	413	421	407	420	421	420	420	407	423	408	420	419	419	425	421	414	414	423	417	410	426	421	417	418	420	423	423	420	427	417	424	428	413	425	431	423	426	422	425	424	427	424	417	415	421	427	412	417	415	412	423	423	419	432	416	413	404
424	428	428	430	436	428	430	431	427	426	419	429	432	432	425	433	424	426	430	429	424	432	427	426	424	433	429	426	429	429	425	421	429	431	428	426	425	427	416	430	423	425	427	427	429	433	427	427	428	431	438	430	430	426	427	419	431	435	436	425	435	429	426	436	424	425	416	432	428	433	426	427	429	429	418	432	430	432	431	429	425	431	425	427	434	420	435	424	428	431	434	428	425	423	430	424	428	432	430	422
480	484	485	489	476	488	483	481	486	490	488	491	489	487	489	479	485	494	481	470	475	484	490	495	484	486	490	486	492	484	480	484	479	480	487	493	479	480	485	490	487	488	483	482	485	486	483	488	481	497	479	483	483	483	476	489	487	481	496	485	482	476	487	473	482	487	489	481	497	480	491	476	488	488	479	483	501	485	490	486	488	476	490	477	481	502	485	492	487	484	488	473	478	473	498	475	480	495	483	490
466	474	471	472	467	467	476	474	473	474	477	467	470	481	459	465	482	471	459	464	476	485	466	474	477	473	464	478	474	475	474	474	463	476	463	469	465	467	472	475	475	476	486	474	474	472	472	481	475	472	470	474	472	469	468	472	473	480	465	472	478	479	468	473	469	471	476	471	469	471	472	458	470	481	470	474	478	473	471	476	468	484	467	463	460	465	475	464	468	470	476	466	466	461	470	476	472	473	469	468
487	490	485	493	487	493	493	480	495	489	482	481	493	487	480	478	494	486	497	481	486	490	490	470	487	492	484	479	491	488	484	493	493	489	494	485	490	492	486	486	493	482	481	490	495	491	490	492	492	486	495	483	491	498	488	482	487	485	486	488	492	487	491	489	484	495	488	497	493	490	487	500	477	490	486	484	482	491	481	476	488	484	488	475	494	488	483	488	496	481	495	495	492	487	485	477	493	499	489	488
462	474	464	456	465	469	467	468	472	471	468	463	454	469	471	463	470	467	468	456	459	467	455	463	466	468	474	460	470	470	467	469	463	474	467	461	460	466	469	457	467	474	468	468	461	464	467	473	464	464	470	457	469	464	463	474	468	476	471	470	465	460	463	464	470	461	466	455	477	473	471	472	466	474	470	462	471	475	463	469	478	473	465	466	462	472	468	464	473	472	455	456	470	460	469	463	466	465	475	471
505	510	513	501	495	488	501	491	503	501	500	503	515	506	498	489	504	504	508	502	487	508	490	490	498	498	510	499	493	499	502	512	495	511	495	494	498	489	501	495	496	501	506	499	501	497	503	501	506	494	502	507	506	502	497	497	501	489	508	492	497	499	501	504	495	494	499	487	495	502	500	497	505	499	504	505	497	490	505	503	501	495	512	502	500	499	501	501	495	498	498	497	511	511	501	493	502	492	495	495
503	499	499	491	503	495	490	486	498	495	500	495	496	499	495	507	492	499	499	507	500	506	500	495	498	504	500	494	489	501	501	506	503	504	494	490	491	494	507	504	502	499	496	499	495	501	496	493	499	506	499	499	497	490	501	494	505	496	505	502	499	503	505	514	497	488	493	512	491	505	490	499	506	511	507	515	495	492	496	495	500	504	501	500	492	494	499	499	503	503	497	496	503	499	499	496	499	493	499	496
454	438	459	455	445	458	461	450	449	442	443	443	447	450	447	446	449	457	445	440	448	436	446	460	450	457	462	447	447	450	435	443	456	454	455	454	450	453	463	448	451	443	441	446	448	441	451	445	455	442	454	448	440	448	458	452	448	451	458	449	444	446	452	455	453	448	465	454	452	445	455	454	445	442	457	455	450	453	448	454	450	451	449	444	449	455	452	449	450	446	445	450	457	451	449	444	446	455	447	454
474	479	479	463	472	471	465	470	478	477	471	471	467	465	474	485	467	480	471	467	473	468	473	466	467	482	473	474	472	461	464	473	466	476	471	473	476	475	486	474	479	478	476	478	471	472	474	473	470	472	473	467	470	470	466	483	478	476	470	476	474	486	473	472	469	476	464	478	469	473	473	464	465	472	478	469	474	481	484	466	478	468	464	465	463	475	473	474	477	479	474	474	472	467	471	469	477	466	473	473
457	451	451	443	446	451	442	457	447	438	443	445	452	459	450	446	443	439	446	454	444	442	455	447	454	451	433	454	455	439	447	448	451	449	447	446	451	445	454	455	458	446	445	452	449	445	447	447	448	451	451	444	452	450	447	455	445	454	450	448	440	454	445	446	443	455	445	450	447	441	448	452	450	444	447	458	444	446	440	455	448	432	446	450	445	444	450	455	442	453	455	446	450	454	452	454	449	445	443	454
456	446	445	443	439	440	445	452	444	443	446	442	444	452	450	446	437	447	454	456	444	448	439	450	452	452	440	443	443	452	452	440	449	449	448	443	443	449	444	451	444	453	443	447	438	456	440	453	448	445	442	454	442	443	441	459	440	430	441	454	442	443	450	435	445	437	446	441	447	443	445	451	450	444	443	440	427	440	445	445	441	444	447	448	451	451	443	451	434	437	440	439	451	449	451	440	450	444	445	448
473	471	469	485	474	476	474	476	478	476	474	476	476	478	478	475	478	461	479	466	471	473	472	480	473	476	477	478	477	464	474	464	477	476	476	472	464	467	471	472	473	472	469	471	474	470	470	472	480	477	474	466	476	474	468	474	474	488	465	471	479	482	475	470	476	472	475	472	473	472	475	478	466	479	474	468	465	466	476	470	489	459	480	470	466	470	479	477	474	472	475	467	471	473	480	471	470	463	472	468
495	490	503	513	490	506	506	496	503	496	490	500	500	508	506	500	503	503	502	491	502	497	506	506	502	510	499	494	510	500	496	504	500	501	497	499	500	511	499	500	509	499	508	486	504	501	503	512	504	499	496	506	506	501	493	499	495	500	495	509	515	511	493	498	498	498	507	505	496	507	499	489	490	499	507	494	499	510	499	511	501	515	501	509	512	492	509	507	499	499	498	502	495	510	506	506	512	505	494	504
419	414	407	421	413	410	416	415	417	419	432	412	408	412	423	424	419	425	414	424	420	426	416	412	412	415	408	417	413	415	414	409	413	416	418	416	411	418	423	419	420	406	429	411	427	415	421	420	413	418	410	424	426	408	419	414	426	417	410	424	419	411	415	416	419	417	415	427	419	419	423	408	419	417	408	420	412	407	420	412	408	424	415	417	420	420	411	421	420	414	420	419	415	419	418	416	418	421	421	419
482	476	486	469	481	486	474	463	472	461	477	480	468	461	483	470	472	464	477	470	460	473	480	473	477	483	483	469	486	476	467	474	475	473	466	479	479	474	472	462	482	472	473	476	477	482	465	461	479	485	467	472	476	465	481	474	487	482	477	490	472	476	469	469	476	479	468	481	473	478	471	483	474	480	472	473	477	481	467	466	477	488	480	479	466	474	471	485	467	479	474	478	469	475	472	470	475	470	478	476
438	439	446	429	446	440	444	430	438	445	454	441	436	440	444	445	433	441	443	433	437	435	432	441	424	434	438	436	452	441	443	437	448	437	451	436	445	433	440	438	431	446	440	435	444	428	436	435	441	442	442	442	443	437	433	438	441	431	432	432	439	445	439	437	440	442	432	432	435	440	438	439	438	436	442	445	441	444	434	437	441	445	438	440	430	442	430	435	435	436	446	437	437	440	435	440	429	439	432	432
436	441	443	437	444	446	448	428	442	431	443	432	438	443	445	445	438	440	442	441	427	435	428	430	439	434	429	437	440	443	432	442	441	440	447	440	434	446	440	449	438	436	441	438	436	439	442	445	429	441	430	429	440	439	442	432	440	450	450	443	437	441	440	443	443	440	447	438	436	440	438	443	433	431	439	452	442	447	438	433	449	451	444	442	422	448	437	437	440	437	447	435	439	433	444	435	434	445	430	444
509	513	512	515	521	510	511	512	498	505	495	503	513	505	500	518	511	509	510	504	512	504	511	520	508	502	504	507	511	501	513	498	504	506	499	512	509	500	516	504	511	518	510	511	511	511	508	510	514	517	503	508	500	516	506	516	502	506	521	509	508	512	513	505	517	502	506	491	509	506	510	494	513	501	504	508	501	504	506	510	516	513	516	510	512	511	514	508	518	522	503	508	512	506	508	499	507	497	514	500
461	461	465	460	465	463	467	464	462	461	464	467	463	459	462	462	457	459	469	471	467	465	465	451	465	463	462	464	459	463	470	467	453	463	453	462	467	465	467	464	466	465	461	458	474	470	465	453	462	467	464	461	466	463	461	474	465	455	461	468	467	468	450	463	465	454	453	451	463	467	464	462	467	462	468	459	455	462	462	472	472	467	470	467	475	455	467	465	464	456	459	460	463	460	464	463	470	470	459	459
400	400	407	409	403	403	414	402	407	403	398	401	406	406	411	402	407	391	397	393	398	401	399	395	384	401	403	399	403	407	398	404	404	407	405	396	407	405	412	400	404	415	402	414	402	409	406	404	405	414	401	396	415	401	399	396	403	386	416	405	404	409	407	402	411	413	402	405	409	398	408	404	409	404	406	408	404	404	409	412	392	405	392	401	401	408	403	407	396	414	402	408	395	403	396	400	397	399	396	403
492	505	500	491	500	502	501	495	496	492	484	482	497	493	496	497	497	488	493	490	483	494	496	479	487	508	493	482	481	503	494	492	490	489	506	485	495	503	491	506	505	493	494	497	501	498	493	501	488	494	494	488	506	483	510	490	497	500	494	494	496	504	493	499	481	487	493	511	500	487	492	489	488	486	497	496	490	494	490	488	497	487	494	490	494	491	484	498	495	499	496	486	491	476	495	486	495	487	496	497
458	460	455	456	450	455	460	448	450	445	456	463	448	467	448	460	461	450	463	455	464	459	462	458	451	461	464	459	463	460	460	458	455	462	459	449	454	445	465	453	452	453	448	454	456	455	458	451	464	458	465	453	454	454	460	461	451	457	452	449	454	456	451	459	463	460	467	449	454	458	454	458	454	457	458	462	460	452	455	458	448	449	460	455	467	459	457	459	460	450	464	463	454	460	455	455	456	460	457	451
458	445	456	457	454	440	447	454	451	445	442	444	449	451	448	453	456	458	449	454	450	445	453	447	449	451	459	452	460	447	459	453	456	446	447	458	470	452	451	450	437	459	451	457	452	465	458	442	448	450	451	457	460	461	447	462	440	452	450	448	444	463	441	452	451	456	455	453	438	451	448	456	450	448	452	458	456	449	449	457	442	449	457	450	445	446	441	460	451	452	445	451	460	444	449	447	449	453	456	455
463	463	471	457	475	462	462	474	478	473	471	457	469	464	473	465	473	461	455	455	459	469	471	463	469	465	457	472	467	459	467	458	469	468	463	471	462	458	477	474	463	474	470	467	461	457	467	458	466	464	463	466	466	459	461	463	471	470	468	461	471	465	466	463	462	473	447	470	462	478	458	473	464	474	459	462	467	460	458	459	451	481	459	467	465	470	462	470	472	468	464	471	469	474	464	468	471	470	465	468
475	490	474	471	467	469	465	467	467	477	470	480	471	467	472	482	469	483	482	465	474	474	487	479	479	472	476	480	469	479	482	478	482	476	473	478	479	468	466	480	479	480	474	465	473	466	475	479	479	473	469	483	482	468	483	474	484	472	478	479	475	467	477	471	477	468	477	471	470	481	472	481	485	476	467	481	470	470	483	487	477	480	472	476	485	466	474	478	475	466	475	483	477	479	484	473	479	478	467	469
461	467	467	461	470	458	468	466	459	461	465	468	461	462	464	464	464	462	461	463	452	459	464	454	464	457	464	463	460	468	473	467	459	463	460	464	465	458	459	460	454	465	468	462	465	457	472	468	465	455	462	459	457	466	465	467	462	460	460	457	461	465	463	470	459	459	460	469	463	465	464	461	459	460	463	470	457	456	460	460	455	455	466	460	463	465	467	472	457	466	469	459	457	460	462	460	462	467	461	468
454	446	460	463	454	463	459	463	460	448	449	460	455	463	460	447	455	456	466	450	458	453	457	458	461	454	451	473	460	460	467	454	463	458	452	462	468	457	463	460	456	453	461	460	457	464	454	461	458	461	459	458	458	472	460	450	462	461	455	460	453	454	455	459	460	472	457	459	458	463	456	445	458	460	452	457	458	459	460	459	465	462	456	470	468	456	453	461	453	454	450	459	465	457	452	463	463	446	461	459
487	486	493	495	499	497	493	499	486	490	495	496	496	490	491	493	497	497	497	486	493	494	496	493	487	489	488	498	496	491	493	502	492	490	496	492	497	497	497	497	496	492	495	508	493	500	502	499	483	495	510	504	503	482	492	500	507	495	493	486	484	487	492	494	494	492	492	496	499	491	509	494	490	495	497	500	500	496	499	499	486	498	504	491	488	499	490	488	492	496	496	492	499	501	486	496	487	501	503	485
525	513	512	513	517	514	514	505	520	507	517	509	517	516	513	507	524	519	510	508	506	518	515	515	516	522	525	518	510	520	511	514	527	519	512	518	524	506	514	515	525	520	522	514	506	527	521	520	517	501	523	513	514	514	512	506	518	524	513	516	508	521	526	512	514	510	515	511	510	526	519	516	523	510	519	515	512	508	510	509	514	507	516	520	526	515	514	518	509	516	533	519	510	513	510	506	520	512	519	522
478	462	468	478	485	471	480	468	471	468	472	487	479	478	484	466	475	474	476	484	472	470	473	479	474	473	472	476	473	469	485	467	471	478	476	475	468	482	481	481	473	484	473	471	477	466	479	476	473	471	477	479	473	477	468	494	480	482	469	481	473	472	470	473	480	477	478	479	485	476	464	482	471	476	476	475	468	487	471	473	472	476	479	472	467	470	482	475	470	474	478	476	471	478	480	469	481	480	483	480
464	465	462	455	461	452	457	462	462	446	467	463	458	454	457	461	450	461	460	455	455	449	455	456	456	454	457	451	464	458	460	447	463	462	451	450	455	458	455	460	452	457	457	465	462	454	451	455	465	463	459	462	455	450	458	471	463	471	451	460	451	457	462	462	452	461	461	463	464	458	460	467	462	460	466	460	468	461	452	464	457	457	455	462	455	461	459	466	453	456	452	459	448	466	453	471	452	459	457	457
457	449	462	464	454	458	456	449	466	459	460	454	462	458	460	455	457	457	448	450	457	458	454	444	463	456	460	452	455	449	457	461	454	447	465	454	455	461	450	458	459	451	453	450	463	466	455	464	449	456	461	452	452	462	456	453	451	456	467	459	458	460	454	458	452	460	464	449	459	455	456	461	463	460	455	452	456	446	455	460	452	459	460	455	459	443	454	453	460	461	457	452	461	463	444	462	450	449	457	453
448	446	456	461	454	458	449	452	454	458	453	455	448	461	456	456	460	455	459	456	456	455	458	451	453	448	453	457	454	447	441	458	447	452	455	448	453	454	454	452	450	455	450	459	453	456	452	445	465	449	450	451	451	443	454	454	453	450	451	452	457	441	443	453	447	454	451	453	451	453	458	463	448	453	451	448	461	463	462	451	450	451	452	455	463	454	456	451	458	447	458	460	446	456	458	458	442	443	454	460
416	419	420	413	413	408	420	407	411	404	413	408	414	414	411	415	404	408	413	412	400	398	411	413	407	413	406	413	417	408	411	407	407	410	416	407	412	406	411	418	398	405	418	408	415	405	409	404	424	415	407	402	404	410	412	412	402	408	407	419	410	414	410	410	414	417	415	414	410	414	409	416	406	416	416	404	402	417	413	403	407	410	400	411	411	413	405	412	406	414	416	408	411	402	414	423	416	416	407	410
499	497	504	505	499	509	497	512	500	501	498	512	511	504	510	504	501	500	508	500	496	509	507	502	499	501	505	507	510	502	497	504	498	505	494	496	501	499	503	511	509	504	512	498	496	506	500	510	511	504	508	513	500	503	496	508	497	504	508	494	513	502	504	507	508	510	500	513	513	501	503	501	506	506	508	501	507	510	507	508	502	508	504	500	508	509	497	506	503	496	511	500	499	502	504	501	495	502	507	501
471	476	481	468	472	478	469	472	476	483	470	473	473	475	474	466	464	480	469	477	472	480	468	469	477	471	480	472	475	473	475	474	476	468	484	481	470	475	473	476	472	484	482	463	476	470	467	476	472	473	475	479	471	477	478	468	473	480	483	474	477	462	471	471	476	476	470	486	470	471	480	465	464	478	469	475	469	474	480	486	484	486	476	481	473	474	474	472	476	467	470	475	476	475	479	474	477	471	480	468
462	447	455	455	455	460	452	456	454	460	454	450	446	458	447	457	450	453	450	446	458	454	461	452	458	455	456	456	458	461	451	457	459	452	454	453	455	449	459	454	456	451	453	458	450	446	452	456	462	451	439	460	461	460	453	454	451	462	460	454	460	456	455	452	452	460	462	454	448	450	459	452	453	452	457	466	450	455	449	456	455	458	457	453	455	454	453	460	464	465	458	451	445	450	455	458	458	450	453	458
476	476	474	465	472	470	475	468	468	476	465	478	481	467	477	475	465	476	467	466	464	479	465	466	470	478	474	477	470	472	474	477	478	469	481	478	473	466	473	474	467	470	480	471	482	467	477	478	480	468	471	481	471	468	473	480	474	475	475	478	477	473	476	475	471	469	472	472	474	468	475	464	472	473	466	469	486	474	471	469	478	478	467	472	471	478	478	475	463	473	481	476	483	466	476	465	458	472	470	471
468	474	451	465	469	468	461	462	472	464	467	465	473	454	467	464	470	463	459	474	474	466	462	456	467	474	472	472	468	459	464	466	469	471	470	463	469	474	457	462	479	467	465	469	467	467	452	465	472	473	460	459	468	462	468	461	466	466	462	454	471	466	466	468	474	462	466	461	452	471	475	470	468	474	465	474	470	467	460	466	470	481	466	461	465	471	464	463	461	463	470	470	470	469	467	462	469	471	459	468
472	479	462	460	465	465	470	462	469	475	475	468	469	465	463	469	462	468	481	477	454	462	478	474	466	464	474	466	476	463	466	477	469	471	470	469	470	463	471	460	465	481	476	468	464	465	462	462	462	465	473	472	469	461	465	460	472	474	464	461	465	476	471	473	476	465	478	472	462	467	460	464	472	461	463	464	471	468	472	479	465	469	465	466	458	474	465	466	464	462	476	463	471	467	464	473	467	462	473	479
472	459	465	471	466	470	465	462	463	469	458	472	464	460	467	458	468	466	465	460	475	461	464	470	466	470	473	462	478	458	467	463	464	460	457	465	473	469	451	471	459	477	471	473	461	453	465	460	463	465	461	465	454	465	453	460	463	462	468	470	469	460	467	466	464	466	471	469	463	463	462	470	464	468	456	471	462	473	460	473	469	467	463	464	460	474	471	463	466	458	458	469	466	461	476	462	464	463	468	469
438	427	431	430	434	434	416	425	428	426	426	425	434	439	437	420	426	422	425	431	427	437	427	440	440	420	422	431	438	428	427	426	429	431	432	420	431	422	425	429	429	432	430	436	435	430	438	430	440	435	437	433	438	422	435	431	429	434	436	434	425	423	421	436	429	433	440	443	431	431	435	431	434	433	438	425	435	428	422	427	437	443	424	429	433	432	428	429	430	434	421	433	435	426	421	422	424	432	431	425
362	368	363	364	357	361	362	372	361	365	355	361	354	355	357	364	355	357	359	359	355	363	354	358	357	363	366	352	362	360	353	354	374	358	353	359	359	361	356	362	361	362	364	362	356	344	372	353	355	353	366	363	357	367	359	361	357	361	360	358	374	356	363	352	355	357	362	361	353	359	361	357	356	353	362	370	362	355	365	349	358	360	357	359	356	368	354	358	363	347	353	360	358	361	353	367	354	356	359	364
453	449	461	470	452	464	457	459	460	465	466	456	463	463	457	460	455	458	452	446	450	464	457	454	462	458	456	463	455	457	452	453	461	463	466	465	461	460	463	455	459	459	442	461	453	455	463	464	454	457	448	456	455	455	466	453	455	469	457	459	464	453	466	460	462	458	462	457	457	464	462	463	462	460	451	460	454	455	464	456	454	458	459	465	459	463	460	457	452	461	457	463	448	448	459	452	452	457	463	452
446	455	447	449	452	455	450	451	448	451	453	463	459	453	448	456	456	454	452	457	448	449	442	453	451	454	455	450	449	449	458	453	460	455	453	448	449	447	455	447	457	455	460	445	456	448	447	450	449	450	460	449	459	453	453	446	446	453	456	453	455	444	461	450	454	452	450	450	461	457	455	451	442	452	444	461	450	445	447	456	457	447	448	452	453	450	452	446	454	453	441	450	457	446	447	451	449	448	447	456
432	428	430	437	434	432	421	432	424	436	430	435	434	440	439	433	449	437	436	436	423	427	429	436	429	431	440	437	437	433	430	431	441	433	424	435	430	429	429	431	431	428	429	434	431	426	435	438	437	427	431	442	436	441	428	443	433	435	443	446	435	422	429	437	426	437	442	426	431	434	429	442	433	423	432	435	422	433	430	436	431	430	443	430	429	429	432	433	437	435	433	440	435	432	431	430	433	424	427	421
418	409	412	419	411	403	412	407	408	410	412	406	409	397	413	422	407	410	416	408	413	418	420	407	412	398	405	410	410	410	415	414	406	416	413	420	410	416	405	411	409	414	410	406	410	409	418	428	412	409	414	417	414	418	411	401	414	412	413	413	403	421	419	420	420	413	414	415	413	416	417	408	412	403	414	411	410	411	403	412	400	411	416	408	414	419	403	419	404	417	412	406	412	410	413	409	412	419	413	406
450	448	448	449	441	456	448	455	449	454	450	447	445	456	448	458	449	457	452	457	432	448	451	453	448	455	445	444	450	449	448	456	456	454	448	444	464	446	454	450	447	452	453	450	446	455	450	452	462	444	455	448	445	446	453	443	444	450	441	451	441	457	445	449	454	461	449	456	457	450	457	455	444	459	443	453	450	453	449	446	442	453	456	444	450	456	448	447	446	456	455	446	446	459	450	444	447	455	451	449
470	471	467	472	463	468	474	476	475	485	472	478	478	474	467	482	473	467	481	467	470	465	466	481	472	474	472	465	468	479	468	476	468	468	465	475	471	464	461	464	474	472	470	470	465	472	478	469	469	471	471	474	476	466	466	471	465	462	471	463	479	473	471	476	475	479	461	465	473	480	468	468	480	472	466	475	470	478	464	474	468	461	472	457	462	469	470	466	468	471	470	462	473	471	472	455	471	470	477	472
467	468	479	475	470	466	473	474	470	474	474	477	475	471	473	465	482	465	467	474	473	467	472	472	474	472	478	471	479	472	471	467	473	474	469	469	472	470	469	473	476	468	472	468	472	453	472	469	463	481	480	465	465	478	477	476	474	469	484	475	466	478	467	467	473	477	467	476	473	466	462	473	467	474	480	467	478	478	478	467	473	471	458	470	461	478	473	473	478	477	465	464	475	479	470	464	464	466	476	467
439	452	436	445	450	448	445	441	439	443	445	441	443	443	449	451	440	443	453	445	441	442	443	444	443	436	442	449	436	444	453	447	438	452	442	448	446	440	447	443	443	441	441	443	444	449	448	448	443	454	450	439	442	452	448	441	445	442	439	439	446	454	450	443	442	441	447	450	442	442	445	445	436	446	441	447	440	444	448	446	446	447	436	449	443	438	440	443	449	448	446	449	446	448	444	445	452	450	449	437
437	438	427	430	434	429	438	431	444	434	439	438	437	438	436	435	437	430	432	438	434	432	434	426	428	435	434	438	433	441	437	436	436	438	432	428	435	430	436	428	444	434	429	439	437	435	439	427	436	440	437	433	443	437	434	431	435	440	427	430	433	433	437	439	429	438	440	437	437	432	433	437	439	438	427	437	428	433	429	440	431	434	439	451	438	440	442	426	435	440	431	435	437	422	432	439	441	434	431	428
456	464	460	461	468	456	452	457	453	454	460	460	454	455	458	470	445	469	445	463	462	455	448	460	459	454	459	456	462	457	464	457	455	463	453	464	459	459	455	465	460	464	459	462	457	464	456	456	466	462	460	451	462	464	464	459	454	461	465	458	451	460	458	467	454	465	451	454	455	462	456	455	458	468	456	451	446	463	458	463	465	459	455	460	453	460	451	452	455	453	453	462	461	460	466	463	463	457	445	458
459	462	457	454	460	455	459	451	460	451	455	458	454	463	454	456	465	459	453	448	454	459	455	457	455	465	457	464	458	458	455	463	452	453	465	456	457	456	459	461	453	459	457	457	457	466	454	448	455	452	456	466	455	456	459	462	450	458	450	459	460	457	460	470	455	454	462	459	464	466	457	455	456	452	449	460	456	464	466	456	463	458	454	458	457	455	457	459	455	456	449	453	448	466	451	465	451	451	459	454
413	416	415	414	421	415	414	418	406	419	408	406	417	408	410	413	421	413	420	417	415	422	406	418	420	415	421	423	413	414	408	416	417	416	402	417	412	416	409	417	414	417	416	415	415	411	413	407	413	408	417	414	407	413	420	414	413	417	421	410	406	421	410	414	413	417	420	405	408	415	414	415	415	417	421	415	414	404	404	416	423	417	410	414	411	414	408	414	409	415	406	408	415	411	413	412	413	420	413	420
443	445	448	448	446	439	451	441	445	439	447	448	445	439	446	428	446	444	436	437	446	440	438	441	457	450	430	441	443	443	440	454	446	443	443	448	443	438	447	446	448	435	442	436	442	448	436	441	447	438	438	450	436	451	439	437	450	438	431	436	443	444	440	440	450	441	437	443	452	445	441	438	437	444	445	435	444	432	441	443	436	446	447	442	443	442	432	449	451	442	441	439	451	449	442	436	435	446	440	441
469	482	473	478	470	475	468	472	481	473	467	468	473	468	459	467	473	465	475	471	477	469	466	468	474	470	467	475	480	470	474	472	463	469	470	477	469	468	477	466	464	460	475	466	483	469	464	465	469	470	478	472	473	466	476	466	474	471	480	465	463	468	476	467	469	471	471	472	480	474	466	475	466	475	470	479	473	477	477	469	470	470	461	476	475	477	475	471	472	484	468	478	477	474	482	475	467	477	466	473
462	450	454	458	475	456	456	470	461	464	462	461	466	463	466	456	451	457	464	455	467	474	453	458	465	462	470	461	453	460	476	460	463	462	448	468	449	462	465	468	458	464	447	455	457	470	464	446	465	446	458	464	470	466	464	471	455	450	466	455	459	461	446	470	456	452	456	467	470	460	452	458	459	459	462	455	455	462	459	449	453	461	459	456	468	460	462	459	457	451	464	451	461	450	454	464	457	465	468	470
443	428	431	438	434	437	432	438	429	428	425	433	421	423	431	439	420	443	433	436	421	437	426	434	433	435	427	422	442	434	433	429	433	433	436	431	438	437	430	443	425	434	426	428	440	420	432	433	436	433	435	428	430	427	435	445	432	433	431	432	435	432	438	428	433	426	425	433	425	427	427	425	421	428	426	434	424	429	434	436	431	429	426	421	430	426	425	423	433	430	433	427	432	426	427	425	444	431	420	423
396	403	397	406	401	394	397	400	400	394	396	401	400	401	404	397	409	395	398	398	399	404	395	400	395	396	398	402	397	403	404	394	400	397	402	407	399	397	396	405	401	408	399	402	398	398	390	405	395	398	398	391	393	405	401	403	405	407	404	406	405	405	400	403	409	405	399	405	396	398	402	402	404	392	389	402	395	398	398	397	397	404	407	399	400	404	398	401	406	395	397	411	403	400	400	407	402	392	396	402
442	442	437	432	431	434	436	435	440	443	435	442	440	445	432	444	445	438	440	429	441	436	445	439	446	423	438	442	437	445	436	432	440	448	446	446	442	443	452	445	435	437	439	430	436	443	435	433	441	440	446	434	438	441	436	434	438	447	431	444	452	447	439	436	443	435	441	445	432	432	445	440	441	444	443	441	441	446	443	428	437	438	449	435	444	442	435	448	439	436	438	431	431	439	437	438	441	441	439	443
411	405	406	411	410	421	415	416	418	407	413	412	415	409	414	411	409	417	421	409	417	416	408	415	414	421	410	413	413	414	402	416	414	419	422	415	413	409	407	411	416	408	408	412	410	413	417	415	408	414	408	418	416	410	416	412	417	418	407	408	408	409	420	411	411	424	418	422	412	419	413	413	411	410	413	417	412	419	411	412	416	422	413	408	415	415	415	411	409	412	417	416	416	413	420	417	418	410	412	411
419	402	412	414	419	413	413	418	409	412	412	410	417	407	405	411	416	411	414	419	407	416	414	425	420	420	414	410	411	412	412	412	417	423	415	416	419	413	411	409	418	416	416	420	413	418	405	421	411	411	414	410	415	418	405	414	413	414	410	409	417	416	411	415	415	404	415	413	414	412	414	417	418	417	414	409	414	418	412	415	411	420	413	416	412	414	418	410	407	411	406	421	418	410	414	419	409	416	415	422
432	435	432	444	440	436	442	440	434	437	441	437	436	427	442	435	436	437	437	446	438	450	431	443	437	430	432	429	432	433	440	439	431	430	442	444	444	437	433	439	442	433	435	437	436	439	436	439	433	443	429	436	441	449	434	434	430	432	435	445	438	445	442	433	430	434	444	440	443	439	436	437	446	429	446	439	436	443	445	426	441	433	444	441	439	438	426	438	437	437	434	430	438	428	439	431	438	437	439	428
442	443	455	449	443	448	453	442	444	452	452	439	447	442	450	438	451	450	442	452	451	453	447	451	449	452	449	451	456	442	444	444	456	442	450	450	456	446	445	445	457	454	457	458	452	436	446	441	440	454	440	455	445	442	444	451	443	450	448	447	455	440	439	443	445	445	443	446	450	442	442	448	445	445	448	457	450	452	445	455	440	451	451	447	452	456	449	448	446	449	451	448	461	452	450	443	444	449	442	450
456	455	455	456	473	462	454	453	458	455	455	447	452	455	452	451	462	458	452	456	458	462	459	454	471	454	453	459	455	455	461	460	454	465	462	453	460	455	453	451	457	459	452	456	455	459	449	461	459	454	461	454	454	456	456	461	458	456	459	454	462	462	454	452	455	463	452	458	457	452	457	459	463	450	450	461	466	464	458	464	464	451	447	466	452	467	455	467	453	464	458	468	461	466	458	451	473	458	453	463
365	369	368	369	362	362	360	366	367	362	360	369	366	364	367	366	362	368	370	374	373	359	369	367	372	370	365	365	371	369	366	370	359	370	362	377	368	378	371	366	367	368	362	371	364	365	361	367	366	364	371	356	369	363	367	358	369	370	376	362	366	364	363	378	369	372	372	368	367	371	369	357	366	367	366	364	374	368	370	372	367	366	377	369	367	368	372	362	372	371	371	373	368	364	363	367	364	365	372	361
455	461	465	446	459	472	454	459	453	461	446	454	464	449	454	453	460	457	460	462	460	459	455	450	457	459	465	458	454	461	456	466	461	468	453	454	454	457	463	463	451	456	463	462	463	458	456	449	455	464	441	451	451	462	463	458	451	454	459	454	462	452	462	457	456	454	459	459	456	457	453	456	453	465	456	457	455	458	458	471	454	456	453	456	452	454	464	460	461	455	452	451	460	459	459	475	447	456	451	457
469	462	467	463	458	460	464	469	459	467	459	461	467	467	457	465	463	466	467	465	467	453	455	463	462	459	457	468	473	466	455	468	467	467	458	465	456	465	467	462	461	463	465	460	452	458	466	465	459	456	466	464	471	466	469	462	470	463	458	463	466	459	465	468	462	459	457	462	465	467	457	468	468	463	458	472	463	463	472	468	471	467	463	462	467	470	465	462	479	463	456	458	468	459	456	462	460	465	459	466
441	445	437	443	437	436	432	437	437	443	443	432	430	441	450	439	447	449	441	441	443	437	450	441	445	439	442	447	438	437	441	444	446	451	435	433	443	438	432	446	446	439	450	436	438	451	444	448	445	439	451	443	450	442	444	444	440	440	434	434	434	438	446	435	444	438	445	446	425	443	442	440	431	435	443	446	435	429	445	434	439	439	452	435	435	443	438	449	435	443	428	447	440	446	430	450	444	438	437	444
431	438	416	437	431	427	430	422	427	434	430	424	426	423	426	432	416	434	415	428	429	422	431	436	421	435	433	428	433	429	427	418	437	425	427	432	425	445	432	435	422	428	419	433	427	432	439	416	432	429	421	424	437	422	425	432	424	426	418	435	440	424	432	420	442	422	425	430	427	427	430	434	420	432	430	432	437	423	431	418	431	430	429	442	431	432	419	434	442	424	436	431	435	439	430	439	423	427	428	428
399	395	407	401	397	398	407	406	399	405	400	408	398	402	401	399	402	389	403	399	408	396	397	406	401	406	403	411	398	405	406	399	408	396	401	396	395	397	393	396	400	403	410	404	396	409	404	405	402	401	399	403	403	399	404	389	398	405	408	403	398	397	402	410	395	404	397	389	402	401	399	402	399	404	405	403	391	394	402	410	404	396	400	400	406	404	404	398	400	403	406	411	407	404	400	397	401	401	400	401
436	438	437	426	430	442	428	432	431	431	431	436	432	439	440	433	430	435	435	430	442	434	429	424	429	433	431	434	435	426	430	431	435	434	430	429	428	441	433	438	435	429	432	426	433	432	436	440	441	434	430	445	433	434	439	434	437	441	434	426	432	433	418	429	439	426	433	439	433	435	433	426	425	438	446	441	430	434	440	428	435	442	430	432	427	432	434	442	432	430	431	428	435	431	436	439	436	436	425	427
434	440	440	444	442	438	440	446	436	435	436	440	444	438	451	439	436	430	448	439	443	442	443	450	443	436	431	433	443	443	437	434	441	441	441	445	434	433	438	444	445	443	441	443	437	438	437	429	437	453	443	440	442	448	446	439	445	442	440	443	439	452	447	438	434	446	441	440	442	439	436	445	437	438	439	443	435	428	433	443	443	444	446	437	437	435	439	436	434	446	442	436	443	441	444	451	442	442	439	439
469	462	450	465	462	455	458	462	457	453	462	465	459	460	452	461	457	453	460	470	448	451	456	460	461	462	483	464	452	469	463	446	466	465	453	460	452	468	460	457	469	469	466	453	463	463	455	460	466	465	463	462	462	466	456	465	460	462	477	461	463	451	459	456	462	457	458	452	458	448	462	482	454	463	467	470	459	466	449	474	461	459	455	474	471	455	450	469	464	464	471	472	457	461	464	478	471	458	462	463
420	426	424	420	425	415	411	420	422	428	413	424	430	427	426	425	421	418	420	426	419	418	418	412	412	420	427	415	423	425	423	430	418	420	424	427	418	422	423	425	428	416	420	424	422	427	425	422	416	422	420	419	426	424	438	420	416	423	415	422	421	428	421	418	425	424	422	416	425	427	422	430	423	428	422	419	419	426	424	415	424	431	426	421	421	421	425	408	420	421	425	419	422	426	415	425	415	422	422	415
474	481	469	476	480	474	480	477	468	481	484	474	478	483	469	473	465	466	468	483	463	476	474	468	477	472	462	477	473	478	477	461	467	480	475	483	466	482	471	472	477	479	477	487	465	474	476	469	478	459	473	466	488	465	478	469	480	492	474	474	470	475	485	481	455	482	487	461	475	479	478	465	479	475	473	470	476	467	474	475	485	487	469	477	472	471	483	486	479	455	483	475	471	477	480	473	469	472	464	482
421	420	417	415	417	416	408	412	421	415	420	419	409	419	416	407	408	402	403	409	418	406	419	413	415	411	412	406	416	422	405	417	415	421	422	415	416	421	413	422	409	415	414	410	414	418	416	422	411	411	422	412	423	409	409	425	420	415	420	414	415	418	418	422	415	419	406	418	413	414	414	416	413	417	417	415	413	415	417	412	420	416	413	416	417	412	418	412	410	418	425	415	419	415	410	415	418	409	415	414
428	431	430	440	431	435	432	424	428	423	432	427	425	436	435	419	432	428	428	421	433	422	434	435	425	440	434	441	438	436	422	423	428	438	424	426	436	425	430	424	422	420	427	431	428	434	437	432	421	424	427	425	430	426	427	435	435	431	439	425	434	427	428	435	429	429	434	430	431	435	418	420	428	429	432	433	424	433	431	444	433	439	430	429	434	431	437	429	420	437	434	439	430	438	428	439	434	445	435	420
420	409	419	419	419	414	428	414	417	414	419	405	419	417	421	416	415	416	417	424	420	408	415	406	419	419	410	411	416	415	409	422	410	421	411	422	417	414	418	408	416	406	408	411	413	415	415	420	405	419	412	415	422	418	411	415	421	421	410	411	406	414	423	408	420	412	417	407	421	410	415	414	424	420	412	415	422	413	416	422	411	409	417	414	416	424	410	420	418	416	410	416	415	408	420	418	418	409	415	415
382	377	369	377	377	374	373	376	374	373	375	377	375	377	376	368	367	366	377	383	371	369	370	371	379	374	375	364	375	375	368	375	372	379	376	377	363	373	372	372	371	378	369	381	373	369	371	363	368	381	373	372	373	371	374	371	381	373	378	385	373	379	371	376	373	373	373	375	380	373	384	375	376	379	373	370	377	371	376	370	371	371	366	378	365	374	377	365	378	369	375	377	377	377	376	383	376	380	371	375
426	437	427	432	425	426	427	441	434	430	426	426	432	433	430	426	434	433	429	419	425	427	435	434	428	434	433	437	437	423	426	421	427	421	429	435	424	428	434	433	429	433	434	425	433	429	436	428	429	426	436	432	436	425	435	432	427	431	425	429	429	428	435	428	440	427	423	431	430	426	431	430	428	434	434	430	416	423	434	433	427	429	424	427	436	415	430	430	433	435	430	431	432	428	436	429	427	415	433	431
446	455	465	450	455	461	441	452	447	454	457	446	439	456	458	454	451	451	463	452	457	452	449	448	453	450	448	455	453	448	450	461	445	460	447	454	453	449	450	444	440	464	445	454	450	456	452	457	454	441	455	440	448	441	450	452	445	444	455	450	447	452	450	449	454	454	460	456	448	448	453	453	448	455	454	448	450	445	447	455	447	459	447	448	452	449	451	462	450	448	451	461	451	454	452	453	451	452	448	459
439	435	440	453	438	441	435	437	436	442	439	434	439	435	432	431	432	435	433	446	437	438	438	434	432	441	444	438	437	444	440	442	430	435	434	437	439	429	440	437	434	442	434	437	439	438	436	445	436	444	441	446	434	432	434	432	433	436	437	436	436	441	436	444	429	441	440	433	435	442	439	438	440	435	442	442	437	435	436	434	443	437	436	439	444	432	442	434	437	447	436	446	446	434	441	439	432	435	440	440
438	426	435	444	435	433	432	430	436	441	434	427	440	442	444	442	432	436	440	423	434	429	432	433	438	437	435	429	437	433	428	444	437	430	433	438	426	431	430	428	430	427	434	431	439	432	437	434	430	438	432	432	429	432	431	427	422	431	432	430	441	437	432	430	438	431	434	437	434	434	430	439	434	437	419	437	437	427	427	428	429	431	435	435	435	436	440	435	437	436	441	440	439	441	434	429	432	433	432	433
